0.527778
0.394444
0.194444
0.880556
0.019444
0.916667
0.494444
0.002778
0.780556
0.902778
0.172222
0.002778
0.002778
0.400000
0.425000
0.455556
0.677778
0.938889
0.825000
0.002778
0.436111
0.002778
0.158333
0.313889
0.088889
0.777778
0.050000
0.002778
0.136111
0.594444
0.305556
0.316667
0.891667
0.002778
0.472222
0.919444
0.469444
0.002778
0.363889
0.016667
0.994444
0.236111
0.319444
0.427778
0.852778
0.002778
0.594444
0.675000
0.002778
0.002778
0.302778
0.580556
0.730556
0.047222
0.472222
0.436111
0.991667
0.527778
0.152778
0.825000
0.002778
0.855556
0.197222
0.575000
0.677778
0.505556
0.855556
0.002778
0.569444
0.002778
0.366667
0.327778
0.091667
0.852778
0.825000
0.261111
0.902778
0.116667
0.550000
0.216667
0.430556
0.066667
0.002778
0.366667
0.586111
0.950000
0.413889
0.002778
0.719444
0.163889
0.505556
0.455556
0.672222
0.580556
0.841667
0.708333
0.766667
0.002778
0.402778
0.688889
0.280556
0.002778
0.002778
0.194444
0.119444
0.236111
0.713889
0.041667
0.002778
0.488889
0.372222
0.772222
0.152778
0.272222
0.475000
0.366667
0.002778
0.241667
0.852778
0.425000
0.144444
0.002778
0.719444
0.363889
0.002778
0.200000
0.425000
0.502778
0.344444
0.938889
0.002778
0.002778
0.305556
0.680556
0.875000
0.002778
0.941667
0.650000
0.002778
0.763889
0.447222
0.155556
0.011111
0.719444
0.502778
0.002778
0.072222
0.011111
0.219444
0.002778
0.711111
0.002778
0.402778
0.041667
0.211111
0.002778
0.002778
0.463889
0.002778
0.197222
0.669444
0.897222
0.863889
0.455556
0.675000
0.116667
0.733333
0.325000
0.002778
0.002778
0.363889
0.825000
0.991667
0.002778
0.047222
0.397222
0.002778
0.486111
0.002778
0.380556
0.316667
0.091667
0.155556
0.002778
0.555556
0.286111
0.797222
0.002778
0.319444
0.175000
0.022222
0.730556
0.002778
0.227778
0.030556
0.727778
0.152778
0.527778
0.075000
0.869444
0.575000
0.347222
0.827778
0.002778
0.780556
0.808333
0.713889
0.847222
0.719444
0.777778
0.066667
0.175000
0.616667
0.825000
0.002778
0.955556
0.875000
0.002778
0.833333
0.002778
0.575000
0.333333
0.002778
0.150000
0.136111
0.494444
0.955556
0.394444
0.047222
0.250000
0.155556
0.825000
0.394444
0.208333
0.425000
0.922222
0.913889
0.152778
0.641667
0.163889
0.705556
0.594444
0.900000
0.913889
0.602778
0.158333
0.641667
0.419444
0.397222
0.002778
0.755556
0.575000
0.769444
0.319444
0.233333
0.702778
0.397222
0.002778
0.958333
0.141667
0.869444
0.002778
0.733333
0.002778
0.002778
0.011111
0.155556
0.166667
0.097222
0.422222
0.002778
0.705556
0.783333
0.483333
0.825000
0.730556
0.930556
0.794444
0.158333
0.575000
0.297222
0.902778
0.716667
0.502778
0.447222
0.961111
0.555556
0.152778
0.208333
0.044444
0.002778
0.052778
0.894444
0.152778
0.594444
0.002778
0.513889
0.797222
0.002778
0.572222
0.780556
0.430556
0.900000
0.002778
0.347222
0.002778
0.358333
0.002778
0.033333
0.666667
0.002778
0.983333
0.594444
0.194444
0.052778
0.002778
0.322222
0.019444
0.047222
0.436111
0.813889
0.158333
0.158333
0.002778
0.152778
0.377778
0.763889
0.855556
0.747222
0.713889
0.266667
0.997222
0.838889
0.169444
0.041667
0.938889
0.630556
0.002778
0.455556
0.080556
0.147222
0.155556
0.158333
0.622222
0.594444
0.219444
0.505556
0.713889
0.002778
0.002778
0.002778
0.972222
0.838889
0.666667
0.002778
0.916667
0.177778
0.450000
0.391667
0.152778
0.783333
0.002778
0.666667
0.002778
0.002778
0.002778
0.752778
0.594444
0.002778
0.213889
0.436111
0.269444
0.436111
0.777778
0.655556
0.708333
0.930556
0.527778
0.922222
0.455556
0.002778
0.455556
0.655556
0.500000
0.194444
0.150000
0.363889
0.469444
0.347222
0.344444
0.300000
0.002778
0.488889
0.347222
0.505556
0.555556
0.002778
0.322222
0.005556
0.002778
0.580556
0.194444
0.211111
0.405556
0.002778
0.158333
0.177778
0.033333
0.991667
0.580556
0.127778
0.047222
0.961111
0.508333
0.997222
0.394444
0.844444
0.152778
0.480556
0.044444
0.005556
0.002778
0.002778
0.916667
0.808333
0.594444
0.919444
0.247222
0.011111
0.002778
0.697222
0.694444
0.747222
0.497222
0.002778
0.641667
0.900000
0.852778
0.575000
0.002778
0.002778
0.436111
0.777778
0.288889
0.436111
0.608333
0.875000
0.002778
0.252778
0.808333
0.002778
0.341667
0.469444
0.002778
0.002778
0.886111
0.047222
0.002778
0.600000
0.697222
0.902778
0.769444
0.363889
0.580556
0.047222
0.355556
0.730556
0.152778
0.747222
0.002778
0.002778
0.666667
0.008333
0.152778
0.052778
0.236111
0.869444
0.002778
0.005556
0.841667
0.950000
0.175000
0.069444
0.005556
0.705556
0.033333
0.594444
0.272222
0.816667
0.844444
0.363889
0.869444
0.436111
0.680556
0.730556
0.122222
0.486111
0.158333
0.936111
